start=244.869625
volume=86.000000
fullscreen=yes
