start=88.154033
volume=130.000000
fullscreen=yes
